home=-83.711822,1129.828002,19.742187
name=Fort Carson
d_0 = -77.711822,1129.828002,19.742187
a_0 = -716.506530,965.862121,12.167449
a_1 = -717.506530,965.862121,12.167449
d_1 = -79.711822,1129.828002,19.742187
a_2 = -718.506530,965.862121,12.167449
d_2 = -80.711822,1129.828002,19.742187
a_3 = -719.506530,965.862121,12.167449
d_3 = -81.711822,1129.828002,19.742187
a_4 = -710.506530,965.862121,12.167449
d_4 = -83.711822,1129.828002,19.742187
a_5 = -711.506530,965.862121,12.167449
d_5 = -84.711822,1129.828002,19.742187
a_6 = -712.506530,965.862121,12.167449
d_6 = -85.711822,1129.828002,19.742187
a_7 = -713.506530,965.862121,12.167449
d_7 = -86.711822,1129.828002,19.742187
a_8 = -714.506530,965.862121,12.167449
d_8 = -87.711822,1129.828002,19.742187
a_9 = -715.506530,965.862121,12.167449
d_9 = -78.711822,1129.828002,19.742187
Played=24
AttWins=13
DefWins=11
campos=-731.57 942.01 19.96 -104.55 1084.64 36.73 9000
camlook=-726.82 943.55 19.76 -102.74 1089.00 35.08 7000