home=381.467956,-2058.532226,10.718050
name=LS Farris Wheel
a_0 = -406.5,-1318.9,27.6
d_0 = 384.070800,-2071.250488,7.835937
a_1 = -407.5,-1318.9,27.6
d_1 = 385.070800,-2071.250488,7.835937
a_2 = -408.5,-1318.9,27.6
d_2 = 386.070800,-2071.250488,7.835937
a_3 = -409.5,-1318.9,27.6
d_3 = 383.070800,-2071.250488,7.835937
a_4 = -400.5,-1318.9,27.6
d_4 = 382.070800,-2071.250488,7.835937
a_5 = -401.5,-1318.9,27.6
d_5 = 381.070800,-2071.250488,7.835937
a_6 = -402.5,-1318.9,27.6
d_6 = 380.070800,-2071.250488,7.835937
a_7 = -403.5,-1318.9,27.6
d_7 = 379.070800,-2071.250488,7.835937
a_8 = -404.5,-1318.9,27.6
d_8 = 378.070800,-2071.250488,7.835937
a_9 = -405.5,-1318.9,27.6
d_9 = 377.070800,-2071.250488,7.835937
Played=209
AttWins=79
DefWins=68
campos=-418.73 -1310.70 33.17 360.73 -2009.97 33.39 9000
camlook=-414.74 -1313.70 33.00 363.00 -2014.01 31.51 7000