home=726.380187,-1474.904052,17.689085
name=Marina Complex
d_0=704.817626,-1457.127807,17.695312
a_0=1792.240966,-1918.867675,13.393120
a_1 = 1792.240966,-1918.867675,13.393120
d_1 = 704.817626,-1457.127807,17.695312
a_2 = 1792.240966,-1918.867675,13.393120
d_2 = 704.817626,-1457.127807,17.695312
a_3 = 1792.240966,-1918.867675,13.393120
d_3 = 704.817626,-1457.127807,17.695312
a_4 = 1792.240966,-1918.867675,13.393120
d_4 = 704.817626,-1457.127807,17.695312
a_5 = 1792.240966,-1918.867675,13.393120
d_5 = 704.817626,-1457.127807,17.695312
a_6 = 1792.240966,-1918.867675,13.393120
d_6 = 704.817626,-1457.127807,17.695312
a_7 = 1792.240966,-1918.867675,13.393120
d_7 = 704.817626,-1457.127807,17.695312
a_8 = 1792.240966,-1918.867675,13.393120
d_8 = 704.817626,-1457.127807,17.695312
a_9 = 1792.240966,-1918.867675,13.393120
d_9 = 704.817626,-1457.127807,17.695312
Played=71
AttWins=36
DefWins=34
campos=1831.83 -1956.68 48.33 763.10 -1545.35 50.39 9000
camlook=1828.00 -1953.61 47.35 760.77 -1541.34 48.53 8900