home=721.685791,-1276.558227,17.648437
name=Vinewood Country Club
d_0 = 739.4,-1253.4,13.5
a_0 = -57.356506,-1605.355224,2.785869
a_1 = -58.356506,-1605.355224,2.785869
d_1 = 738.4,-1253.4,13.5
a_2 = -59.356506,-1605.355224,2.785869
d_2 = 737.4,-1253.4,13.5
a_3 = -50.356506,-1605.355224,2.785869
d_3 = 736.4,-1253.4,13.5
a_4 = -51.356506,-1605.355224,2.785869
d_4 = 735.4,-1253.4,13.5
a_5 = -52.356506,-1605.355224,2.785869
d_5 = 734.4,-1253.4,13.5
a_6 = -53.356506,-1605.355224,2.785869
d_6 = 733.4,-1253.4,13.5
a_7 = -54.356506,-1605.355224,2.785869
d_7 = 732.4,-1253.4,13.5
a_8 = -55.356506,-1605.355224,2.785869
d_8 = 731.4,-1253.4,13.5
a_9 = -56.356506,-1605.355224,2.785869
d_9 = 730.4,-1253.4,13.5
Played=58
AttWins=28
DefWins=29
campos=-143.68 -1570.57 64.79 772.76 -1304.98 26.97 9000
camlook=-138.72 -1571.03 64.35 768.33 -1302.75 26.34 8900