home=-2079.774902,1063.629028,65.567855
name=Calton Heights Tunnel
d_0 = -2067.055419,1065.877075,55.828987
a_0 = -2595.724609,568.544067,14.460937
a_1 = -2596.724609,568.544067,14.460937
d_1 = -2068.055419,1065.877075,55.828987
a_2 = -2597.724609,568.544067,14.460937
d_2 = -2069.055419,1065.877075,55.828987
a_3 = -2598.724609,568.544067,14.460937
d_3 = -2066.055419,1065.877075,55.828987
a_4 = -2599.724609,568.544067,14.460937
d_4 = -2065.055419,1065.877075,55.828987
a_5 = -2590.724609,568.544067,14.460937
d_5 = -2064.055419,1065.877075,55.828987
a_6 = -2591.724609,568.544067,14.460937
d_6 = -2063.055419,1065.877075,55.828987
a_7 = -2592.724609,568.544067,14.460937
d_7 = -2062.055419,1065.877075,55.828987
a_8 = -2593.724609,568.544067,14.460937
d_8 = -2061.055419,1065.877075,55.828987
a_9 = -2594.724609,568.544067,14.460937
d_9 = -2060.055419,1065.877075,55.828987
Played=84
AttWins=44
DefWins=40
campos=-2642.04 515.38 88.16 -2002.30 1042.69 91.30 9000
camlook=-2639.20 519.20 86.62 -2006.97 1043.84 89.93 8900