home=-250.569229,2599.775634,62.858154
about=Las Payasadas
a_0 = 274.293731,1404.212158,10.451916
d_0 = -237.646499,2598.596191,62.703125
a_1 = 275.293731,1404.212158,10.451916
d_1 = -238.646499,2598.596191,62.703125
a_2 = 276.293731,1404.212158,10.451916
d_2 = -239.646499,2598.596191,62.703125
a_3 = 277.293731,1404.212158,10.451916
d_3 = -230.646499,2598.596191,62.703125
a_4 = 278.293731,1404.212158,10.451916
d_4 = -231.646499,2598.596191,62.703125
a_5 = 279.293731,1404.212158,10.451916
d_5 = -232.646499,2598.596191,62.703125
a_6 = 270.293731,1404.212158,10.451916
d_6 = -233.646499,2598.596191,62.703125
a_7 = 271.293731,1404.212158,10.451916
d_7 = -234.646499,2598.596191,62.703125
a_8 = 272.293731,1404.212158,10.451916
d_8 = -235.646499,2598.596191,62.703125
a_9 = 273.293731,1404.212158,10.451916
d_9 = -236.646499,2598.596191,62.703125
Played=89
AttWins=46
DefWins=40
campos=174.25 1286.82 78.06 -215.80 2567.52 83.46 9000
camlook=176.53 1291.07 76.75 -218.84 2571.25 82.07 8900