home=-2565.688476,653.775634,14.453125
name=SF Hospital Parking Lot
d_0 = -2565.688476,653.775634,14.453125
a_0 = -1553.422729,625.873168,7.039062
a_1 = -1554.422729,625.873168,7.039062
d_1 = -2564.688476,653.775634,14.453125
a_2 = -1555.422729,625.873168,7.039062
d_2 = -2563.688476,653.775634,14.453125
a_3 = -1556.422729,625.873168,7.039062
d_3 = -2562.688476,653.775634,14.453125
a_4 = -1557.422729,625.873168,7.039062
d_4 = -2561.688476,653.775634,14.453125
a_5 = -1558.422729,625.873168,7.039062
d_5 = -2560.688476,653.775634,14.453125
a_6 = -1559.422729,625.873168,7.039062
d_6 = -2566.688476,653.775634,14.453125
a_7 = -1550.422729,625.873168,7.039062
d_7 = -2567.688476,653.775634,14.453125
a_8 = -1551.422729,625.873168,7.039062
d_8 = -2568.688476,653.775634,14.453125
a_9 = -1552.422729,625.873168,7.039062
d_9 = -2569.688476,653.775634,14.453125
Played=76
AttWins=29
DefWins=46
campos=-1547.29 546.84 62.18 -2580.79 563.42 23.93 9000
camlook=-1548.17 551.37 60.26 -2579.83 568.31 23.54 8900