home=-771.847839,2752.367187,45.738140
name=Valle Ocultado
a_0 = 423.9,2381.6,25.9
d_0 = -772.546264,2753.566894,45.733024
a_1 = 424.9,2381.6,25.9
d_1 = -771.546264,2753.566894,45.733024
a_2 = 425.9,2381.6,25.9
d_2 = -773.546264,2753.566894,45.733024
a_3 = 426.9,2381.6,25.9
d_3 = -774.546264,2753.566894,45.733024
a_4 = 427.9,2381.6,25.9
d_4 = -775.546264,2753.566894,45.733024
a_5 = 428.9,2381.6,25.9
d_5 = -776.546264,2753.566894,45.733024
a_6 = 429.9,2381.6,25.9
d_6 = -777.546264,2753.566894,45.733024
a_7 = 420.9,2381.6,25.9
d_7 = -778.546264,2753.566894,45.733024
a_8 = 421.9,2381.6,25.9
d_8 = -779.546264,2753.566894,45.733024
a_9 = 422.9,2381.6,25.9
d_9 = -770.546264,2753.566894,45.733024
Played=82
AttWins=39
DefWins=41
campos=389.95 2673.03 127.23 -737.46 2698.48 78.18 9000
camlook=390.93 2668.53 125.26 -740.36 2702.12 76.36 8900