home=-2463.265869,2501.012695,16.475772
name=Bayside
d_0 = -2463.265869,2501.012695,16.475772
a_0 = -1270.2,2694.2,50.0
a_1 = -1271.2,2694.2,50.0
d_1 = -2462.265869,2501.012695,16.475772
a_2 = -1272.2,2694.2,50.0
d_2 = -2461.265869,2501.012695,16.475772
a_3 = -1273.2,2694.2,50.0
d_3 = -2460.265869,2501.012695,16.475772
a_4 = -1274.2,2694.2,50.0
d_4 = -2464.265869,2501.012695,16.475772
a_5 = -1275.2,2694.2,50.0
d_5 = -2465.265869,2501.012695,16.475772
a_6 = -1276.2,2694.2,50.0
d_6 = -2466.265869,2501.012695,16.475772
a_7 = -1277.2,2694.2,50.0
d_7 = -2467.265869,2501.012695,16.475772
a_8 = -1278.2,2694.2,50.0
d_8 = -2468.265869,2501.012695,16.475772
a_9 = -1279.2,2694.2,50.0
d_9 = -2469.265869,2501.012695,16.475772
Played=98
AttWins=51
DefWins=46
campos=-1244.62 2649.96 90.69 -2400.42 2526.36 46.27 9000
camlook=-1248.28 2652.67 88.62 -2404.57 2524.13 44.60 8900