home=-1790.210571,1226.344238,32.656250
name=Michele's Garage
d_0 = -1795.9,1187.8,24.9
a_0 = -1741.2,-52.0,3.5
a_1 = -1742.2,-52.0,3.5
d_1 = -1794.9,1187.8,24.9
a_2 = -1743.2,-52.0,3.5
d_2 = -1796.9,1187.8,24.9
a_3 = -1744.2,-52.0,3.5
d_3 = -1797.9,1187.8,24.9
a_4 = -1745.2,-52.0,3.5
d_4 = -1798.9,1187.8,24.9
a_5 = -1746.2,-52.0,3.5
d_5 = -1799.9,1187.8,24.9
a_6 = -1747.2,-52.0,3.5
d_6 = -1790.9,1187.8,24.9
a_7 = -1748.2,-52.0,3.5
d_7 = -1791.9,1187.8,24.9
a_8 = -1749.2,-52.0,3.5
d_8 = -1792.9,1187.8,24.9
a_9 = -1740.2,-52.0,3.5
d_9 = -1793.9,1187.8,24.9
Played=71
AttWins=34
DefWins=35
campos=-1687.56 -132.49 74.38 -1790.39 1170.70 49.61 9000
camlook=-1690.67 -129.62 71.71 -1790.50 1175.31 47.68 8900