home=-1663.003417,1386.773071,9.804687
name=Pier 69
d_0 = -1723.2,1337.9,7.0
a_0 = -2440.4,734.4,35.0
a_1 = -2441.4,734.4,35.0
d_1 = -1724.2,1337.9,7.0
a_2 = -2442.4,734.4,35.0
d_2 = -1725.2,1337.9,7.0
a_3 = -2443.4,734.4,35.0
d_3 = -1726.2,1337.9,7.0
a_4 = -2444.4,734.4,35.0
d_4 = -1727.2,1337.9,7.0
a_5 = -2445.4,734.4,35.0
d_5 = -1728.2,1337.9,7.0
a_6 = -2446.4,734.4,35.0
d_6 = -1729.2,1337.9,7.0
a_7 = -2447.4,734.4,35.0
d_7 = -1720.2,1337.9,7.0
a_8 = -2448.4,734.4,35.0
d_8 = -1721.2,1337.9,7.0
a_9 = -2449.4,734.4,35.0
d_9 = -1722.2,1337.9,7.0
Played=76
AttWins=36
DefWins=38
campos=-2526.10 600.94 149.97 -1705.31 1315.86 30.56 9000
camlook=-2524.11 604.74 147.40 -1702.97 1320.07 29.22 8900