home=2647.156982,-2116.932373,13.546875
name=LS Oil
a_0 = 1788.6,-1918.4,13.3
d_0 = 2695.170166,-2116.588378,13.548791
a_1 = 1789.6,-1918.4,13.3
d_1 = 2696.170166,-2116.588378,13.548791
a_2 = 1780.6,-1918.4,13.3
d_2 = 2697.170166,-2116.588378,13.548791
a_3 = 1787.6,-1918.4,13.3
d_3 = 2698.170166,-2116.588378,13.548791
a_4 = 1786.6,-1918.4,13.3
d_4 = 2699.170166,-2116.588378,13.548791
a_5 = 1785.6,-1918.4,13.3
d_5 = 2694.170166,-2116.588378,13.548791
a_6 = 1784.6,-1918.4,13.3
d_6 = 2693.170166,-2116.588378,13.548791
a_7 = 1783.6,-1918.4,13.3
d_7 = 2692.170166,-2116.588378,13.548791
a_8 = 1782.6,-1918.4,13.3
d_8 = 2691.170166,-2116.588378,13.548791
a_9 = 1781.6,-1918.4,13.3
d_9 = 2690.170166,-2116.588378,13.548791
Played=80
AttWins=40
DefWins=39
campos=1760.40 -1891.48 22.52 2609.44 -2122.00 29.89 9000
camlook=1765.10 -1893.16 22.67 2614.01 -2121.00 28.13 7000