home=1291.458251,-788.069946,96.460937
name=Madd Dogg's Mansion
d_0 = 1279.4,-776.9,95.9
a_0 = 2220.9,-1137.7,25.6
a_1 = 2221.9,-1137.7,25.6
d_1 = 1270.4,-776.9,95.9
a_2 = 2222.9,-1137.7,25.6
d_2 = 1278.4,-776.9,95.9
a_3 = 2223.9,-1137.7,25.6
d_3 = 1277.4,-776.9,95.9
a_4 = 2224.9,-1137.7,25.6
d_4 = 1276.4,-776.9,95.9
a_5 = 2225.9,-1137.7,25.6
d_5 = 1275.4,-776.9,95.9
a_6 = 2226.9,-1137.7,25.6
d_6 = 1274.4,-776.9,95.9
a_7 = 2227.9,-1137.7,25.6
d_7 = 1273.4,-776.9,95.9
a_8 = 2228.9,-1137.7,25.6
d_8 = 1272.4,-776.9,95.9
a_9 = 2229.9,-1137.7,25.6
d_9 = 1271.4,-776.9,95.9
Played=81
AttWins=46
DefWins=34
campos=2287.72 -1142.73 62.04 1359.77 -811.04 124.95 9000
camlook=2283.13 -1144.24 60.75 1355.19 -810.06 123.20 8950