home=-328.855621,1558.356445,75.560134
name=The Big Ear
d_0 = -300.1,1574.2,75.3
a_0 = -220.196121,875.253906,10.398248
a_1 = -221.196121,875.253906,10.398248
d_1 = -301.1,1574.2,75.3
a_2 = -222.196121,875.253906,10.398248
d_2 = -302.1,1574.2,75.3
a_3 = -223.196121,875.253906,10.398248
d_3 = -303.1,1574.2,75.3
a_4 = -224.196121,875.253906,10.398248
d_4 = -304.1,1574.2,75.3
a_5 = -225.196121,875.253906,10.398248
d_5 = -305.1,1574.2,75.3
a_6 = -226.196121,875.253906,10.398248
d_6 = -306.1,1574.2,75.3
a_7 = -227.196121,875.253906,10.398248
d_7 = -307.1,1574.2,75.3
a_8 = -228.196121,875.253906,10.398248
d_8 = -308.1,1574.2,75.3
a_9 = -229.196121,875.253906,10.398248
d_9 = -309.1,1574.2,75.3
Played=81
AttWins=43
DefWins=37
campos=-225.28 793.06 60.25 -372.28 1449.53 134.87 9000
camlook=-225.68 798.02 59.80 -370.92 1453.92 132.90 8900