home=2647.542480,1211.278564,26.923290
name=LV Abandoned Building
a_0 = 1683.6630,1620.5045,10.8203
d_0 = 2656.092773,1212.049072,26.923290
a_1 = 1684.6630,1620.5045,10.8203
d_1 = 2657.092773,1212.049072,26.923290
a_2 = 1685.6630,1620.5045,10.8203
d_2 = 2658.092773,1212.049072,26.923290
a_3 = 1686.6630,1620.5045,10.8203
d_3 = 2659.092773,1212.049072,26.923290
a_4 = 1687.6630,1620.5045,10.8203
d_4 = 2650.092773,1212.049072,26.923290
a_5 = 1688.6630,1620.5045,10.8203
d_5 = 2651.092773,1212.049072,26.923290
a_6 = 1689.6630,1620.5045,10.8203
d_6 = 2652.092773,1212.049072,26.923290
a_7 = 1680.6630,1620.5045,10.8203
d_7 = 2653.092773,1212.049072,26.923290
a_8 = 1681.6630,1620.5045,10.8203
d_8 = 2654.092773,1212.049072,26.923290
a_9 = 1682.6630,1620.5045,10.8203
d_9 = 2655.092773,1212.049072,26.923290
Played=80
AttWins=41
DefWins=33
campos=1605.32 1650.01 47.52 2592.84 1260.06 51.92 9000
camlook=1609.62 1648.11 45.81 2596.62 1257.11 50.51 8900