home=-1481.444213,2626.578857,58.781250
name=El Quebrados
a_0 = -538.544372,2628.374023,53.414062
d_0 = -1480.764648,2670.953857,55.687500
a_1 = -539.544372,2628.374023,53.414062
d_1 = -1481.764648,2670.953857,55.687500
a_2 = -530.544372,2628.374023,53.414062
d_2 = -1482.764648,2670.953857,55.687500
a_3 = -531.544372,2628.374023,53.414062
d_3 = -1483.764648,2670.953857,55.687500
a_4 = -532.544372,2628.374023,53.414062
d_4 = -1484.764648,2670.953857,55.687500
a_5 = -533.544372,2628.374023,53.414062
d_5 = -1485.764648,2670.953857,55.687500
a_6 = -534.544372,2628.374023,53.414062
d_6 = -1486.764648,2670.953857,55.687500
a_7 = -535.544372,2628.374023,53.414062
d_7 = -1487.764648,2670.953857,55.687500
a_8 = -536.544372,2628.374023,53.414062
d_8 = -1488.764648,2670.953857,55.687500
a_9 = -537.544372,2628.374023,53.414062
d_9 = -1489.764648,2670.953857,55.687500
Played=76
AttWins=37
DefWins=38
campos=-442.30 2488.15 140.35 -1519.25 2661.77 71.41 9000
camlook=-445.51 2491.06 137.87 -1515.22 2658.92 70.61 8900