home=183.257629,-108.058761,2.023437
name=Blueberry Housing Complex
a_0 = 1534.271484,-41.287029,21.096275
d_0 = 175.058090,-100.279624,1.550603
a_1 = 1535.271484,-41.287029,21.096275
d_1 = 176.058090,-100.279624,1.550603
a_2 = 1536.271484,-41.287029,21.096275
d_2 = 177.058090,-100.279624,1.550603
a_3 = 1537.271484,-41.287029,21.096275
d_3 = 178.058090,-100.279624,1.550603
a_4 = 1538.271484,-41.287029,21.096275
d_4 = 179.058090,-100.279624,1.550603
a_5 = 1539.271484,-41.287029,21.096275
d_5 = 170.058090,-100.279624,1.550603
a_6 = 1530.271484,-41.287029,21.096275
d_6 = 171.058090,-100.279624,1.550603
a_7 = 1531.271484,-41.287029,21.096275
d_7 = 172.058090,-100.279624,1.550603
a_8 = 1532.271484,-41.287029,21.096275
d_8 = 173.058090,-100.279624,1.550603
a_9 = 1533.271484,-41.287029,21.096275
d_9 = 174.058090,-100.279624,1.550603
Played=66
AttWins=38
DefWins=26
campos=1617.20 -108.24 86.15 235.45 -139.20 40.67 9000
camlook=1614.46 -104.36 84.59 231.64 -136.95 38.33 8900