home=-2424.823486,337.387359,37.002220
name=Vank Hoff in the Park
d_0 = -2414.369628,330.787841,34.975502
a_0 = -1759.536987,-160.848617,3.554687
a_1 = -1750.536987,-160.848617,3.554687
d_1 = -2415.369628,330.787841,34.975502
a_2 = -1751.536987,-160.848617,3.554687
d_2 = -2416.369628,330.787841,34.975502
a_3 = -1752.536987,-160.848617,3.554687
d_3 = -2417.369628,330.787841,34.975502
a_4 = -1753.536987,-160.848617,3.554687
d_4 = -2418.369628,330.787841,34.975502
a_5 = -1754.536987,-160.848617,3.554687
d_5 = -2419.369628,330.787841,34.975502
a_6 = -1755.536987,-160.848617,3.554687
d_6 = -2410.369628,330.787841,34.975502
a_7 = -1756.536987,-160.848617,3.554687
d_7 = -2411.369628,330.787841,34.975502
a_8 = -1757.536987,-160.848617,3.554687
d_8 = -2412.369628,330.787841,34.975502
a_9 = -1758.536987,-160.848617,3.554687
d_9 = -2413.369628,330.787841,34.975502
Played=84
AttWins=34
DefWins=49
campos=-1567.42 -76.18 106.32 -2377.72 341.12 38.33 9000
camlook=-1572.06 -77.01 104.68 -2382.61 340.08 38.29 8900