home=2262.218017,62.656551,26.484375
name=Palomino Cheeck
d_0 = 2292.0,46.0,26.3
a_0 = 1194.6,534.7,19.8
a_1 = 1195.6,534.7,19.8
d_1 = 2293.0,46.0,26.3
a_2 = 1196.6,534.7,19.8
d_2 = 2294.0,46.0,26.3
a_3 = 1197.6,534.7,19.8
d_3 = 2295.0,46.0,26.3
a_4 = 1198.6,534.7,19.8
d_4 = 2296.0,46.0,26.3
a_5 = 1199.6,534.7,19.8
d_5 = 2297.0,46.0,26.3
a_6 = 1190.6,534.7,19.8
d_6 = 2298.0,46.0,26.3
a_7 = 1191.6,534.7,19.8
d_7 = 2299.0,46.0,26.3
a_8 = 1192.6,534.7,19.8
d_8 = 2290.0,46.0,26.3
a_9 = 1193.6,534.7,19.8
d_9 = 2291.0,46.0,26.3
Played=75
AttWins=38
DefWins=37
campos=1094.44 585.57 45.63 2281.59 125.23 87.50 9000
camlook=1099.04 583.62 45.41 2280.10 121.40 84.64 8950