home=2801.846923,-1437.503906,32.124591
name=LS Parking Building
d_0 = 2802.073486,-1450.304077,32.108024
a_0 = 2500.492431,-1667.009277,13.353512
a_1 = 2501.492431,-1667.009277,13.353512
d_1 = 2803.073486,-1450.304077,32.108024
a_2 = 2502.492431,-1667.009277,13.353512
d_2 = 2804.073486,-1450.304077,32.108024
a_3 = 2503.492431,-1667.009277,13.353512
d_3 = 2805.073486,-1450.304077,32.108024
a_4 = 2504.492431,-1667.009277,13.353512
d_4 = 2806.073486,-1450.304077,32.108024
a_5 = 2505.492431,-1667.009277,13.353512
d_5 = 2807.073486,-1450.304077,32.108024
a_6 = 2506.492431,-1667.009277,13.353512
d_6 = 2808.073486,-1450.304077,32.108024
a_7 = 2507.492431,-1667.009277,13.353512
d_7 = 2809.073486,-1450.304077,32.108024
a_8 = 2508.492431,-1667.009277,13.353512
d_8 = 2800.073486,-1450.304077,32.108024
a_9 = 2509.492431,-1667.009277,13.353512
d_9 = 2801.073486,-1450.304077,32.108024
Played=74
AttWins=40
DefWins=34
campos=2432.26 -1680.73 35.01 2827.89 -1514.08 34.52 9000
camlook=2436.92 -1679.36 33.78 2825.97 -1509.46 34.47 8900