home=-2187.991210,-2428.364013,35.516162
name=Angel Pine Storage
a_0 = -1233.1,-2858.5,66.5
d_0 = -2184.5,-2385.5,30.4
a_1 = -1234.1,-2858.5,66.5
d_1 = -2185.5,-2385.5,30.4
a_2 = -1235.1,-2858.5,66.5
d_2 = -2186.5,-2385.5,30.4
a_3 = -1236.1,-2858.5,66.5
d_3 = -2187.5,-2385.5,30.4
a_4 = -1237.1,-2858.5,66.5
d_4 = -2188.5,-2385.5,30.4
a_5 = -1238.1,-2858.5,66.5
d_5 = -2189.5,-2385.5,30.4
a_6 = -1239.1,-2858.5,66.5
d_6 = -2180.5,-2385.5,30.4
a_7 = -1230.1,-2858.5,66.5
d_7 = -2181.5,-2385.5,30.4
a_8 = -1231.1,-2858.5,66.5
d_8 = -2182.5,-2385.5,30.4
a_9 = -1232.1,-2858.5,66.5
d_9 = -2183.5,-2385.5,30.4
Played=85
AttWins=44
DefWins=39
campos=-1136.52 -2863.63 102.24 -2187.69 -2473.45 59.97 9000
camlook=-1141.46 -2863.86 101.49 -2187.62 -2468.82 58.10 8900