home=2585.343505,2373.207519,17.820312
name=Rock Hotel
a_0 = 1512.035156,2242.104736,10.820312
d_0 = 2571.529052,2360.252929,17.820312
a_1 = 1513.035156,2242.104736,10.820312
d_1 = 2570.529052,2360.252929,17.820312
a_2 = 1514.035156,2242.104736,10.820312
d_2 = 2573.529052,2360.252929,17.820312
a_3 = 1515.035156,2242.104736,10.820312
d_3 = 2574.529052,2360.252929,17.820312
a_4 = 1516.035156,2242.104736,10.820312
d_4 = 2575.529052,2360.252929,17.820312
a_5 = 1517.035156,2242.104736,10.820312
d_5 = 2576.529052,2360.252929,17.820312
a_6 = 1518.035156,2242.104736,10.820312
d_6 = 2577.529052,2360.252929,17.820312
a_7 = 1519.035156,2242.104736,10.820312
d_7 = 2578.529052,2360.252929,17.820312
a_8 = 1510.035156,2242.104736,10.820312
d_8 = 2579.529052,2360.252929,17.820312
a_9 = 1511.035156,2242.104736,10.820312
d_9 = 2572.529052,2360.252929,17.820312
Played=64
AttWins=32
DefWins=30