home=2788.113525,-2456.647216,13.633584
name=LS Docks
d_0 = 2788.113525,-2456.647216,13.633584
a_0 = 1781.6,-1918.4,13.3
a_1 = 1780.6,-1918.4,13.3
d_1 = 2787.113525,-2456.647216,13.633584
a_2 = 1782.6,-1918.4,13.3
d_2 = 2786.113525,-2456.647216,13.633584
a_3 = 1783.6,-1918.4,13.3
d_3 = 2785.113525,-2456.647216,13.633584
a_4 = 1784.6,-1918.4,13.3
d_4 = 2784.113525,-2456.647216,13.633584
a_5 = 1785.6,-1918.4,13.3
d_5 = 2783.113525,-2456.647216,13.633584
a_6 = 1786.6,-1918.4,13.3
d_6 = 2782.113525,-2456.647216,13.633584
a_7 = 1787.6,-1918.4,13.3
d_7 = 2781.113525,-2456.647216,13.633584
a_8 = 1788.6,-1918.4,13.3
d_8 = 2780.113525,-2456.647216,13.633584
a_9 = 1789.6,-1918.4,13.3
d_9 = 2789.113525,-2456.647216,13.633584
Played=80
AttWins=34
DefWins=40