home=1433.642456,2621.250976,11.392614
name=Yellow Bell Station
a_0 = 1683.6630,1620.5045,10.8203
d_0 = 1439.8 2633.4 10.8
a_1 = 1684.6630,1620.5045,10.8203
d_1 = 1430.8 2633.4 10.8
a_2 = 1685.6630,1620.5045,10.8203
d_2 = 1431.8 2633.4 10.8
a_3 = 1686.6630,1620.5045,10.8203
d_3 = 1432.8 2633.4 10.8
a_4 = 1687.6630,1620.5045,10.8203
d_4 = 1433.8 2633.4 10.8
a_5 = 1688.6630,1620.5045,10.8203
d_5 = 1434.8 2633.4 10.8
a_6 = 1689.6630,1620.5045,10.8203
d_6 = 1435.8 2633.4 10.8
a_7 = 1680.6630,1620.5045,10.8203
d_7 = 1436.8 2633.4 10.8
a_8 = 1681.6630,1620.5045,10.8203
d_8 = 1437.8 2633.4 10.8
a_9 = 1682.6630,1620.5045,10.8203
d_9 = 1438.8 2633.4 10.8
Played=55
AttWins=31
DefWins=24