home=-2180.945068,609.147338,35.164062
name=Chinatown Triad Turf
d_0 = -2257.4,567.1,35.0
a_0 = -2079.921386,209.374298,35.313148
a_1 = -2070.921386,209.374298,35.313148
d_1 = -2258.4,567.1,35.0
a_2 = -2071.921386,209.374298,35.313148
d_2 = -2259.4,567.1,35.0
a_3 = -2072.921386,209.374298,35.313148
d_3 = -2250.4,567.1,35.0
a_4 = -2073.921386,209.374298,35.313148
d_4 = -2251.4,567.1,35.0
a_5 = -2074.921386,209.374298,35.313148
d_5 = -2252.4,567.1,35.0
a_6 = -2075.921386,209.374298,35.313148
d_6 = -2253.4,567.1,35.0
a_7 = -2076.921386,209.374298,35.313148
d_7 = -2254.4,567.1,35.0
a_8 = -2077.921386,209.374298,35.313148
d_8 = -2255.4,567.1,35.0
a_9 = -2078.921386,209.374298,35.313148
d_9 = -2256.4,567.1,35.0
Played=75
AttWins=47
DefWins=28