home=710.792724,1985.064697,3.459570
name=Bone County House
a_0 = 1683.6630,1620.5045,10.8203
d_0 = 739.0,2016.4,6.2
a_1 = 1684.6630,1620.5045,10.8203
d_1 = 730.0,2016.4,6.2
a_2 = 1685.6630,1620.5045,10.8203
d_2 = 731.0,2016.4,6.2
a_3 = 1686.6630,1620.5045,10.8203
d_3 = 732.0,2016.4,6.2
a_4 = 1687.6630,1620.5045,10.8203
d_4 = 733.0,2016.4,6.2
a_5 = 1688.6630,1620.5045,10.8203
d_5 = 734.0,2016.4,6.2
a_6 = 1689.6630,1620.5045,10.8203
d_6 = 735.0,2016.4,6.2
a_7 = 1680.6630,1620.5045,10.8203
d_7 = 736.0,2016.4,6.2
a_8 = 1681.6630,1620.5045,10.8203
d_8 = 737.0,2016.4,6.2
a_9 = 1682.6630,1620.5045,10.8203
d_9 = 738.0,2016.4,6.2
Played=64
AttWins=31
DefWins=27