home=-1972.915771,114.449089,30.658203
name=Cranberry Station
d_0 = -1996.3,117.6,27,5
a_0 = -2704.881835,391.692626,4.367187
a_1 = -2705.881835,391.692626,4.367187
d_1 = -1997.3,117.6,27,5
a_2 = -2706.881835,391.692626,4.367187
d_2 = -1998.3,117.6,27,5
a_3 = -2707.881835,391.692626,4.367187
d_3 = -1999.3,117.6,27,5
a_4 = -2708.881835,391.692626,4.367187
d_4 = -1990.3,117.6,27,5
a_5 = -2709.881835,391.692626,4.367187
d_5 = -1991.3,117.6,27,5
a_6 = -2700.881835,391.692626,4.367187
d_6 = -1992.3,117.6,27,5
a_7 = -2701.881835,391.692626,4.367187
d_7 = -1993.3,117.6,27,5
a_8 = -2702.881835,391.692626,4.367187
d_8 = -1994.3,117.6,27,5
a_9 = -2703.881835,391.692626,4.367187
d_9 = -1995.3,117.6,27,5
Played=51
AttWins=26
DefWins=25