home=-1954.344360,-858.959838,35.890884
name=Foster Valley
d_0 = -1959.255126,-888.942321,35.890884
a_0 = -2092.2,211.4,34.9
a_1 = -2093.2,211.4,34.9
d_1 = -1950.255126,-888.942321,35.890884
a_2 = -2094.2,211.4,34.9
d_2 = -1951.255126,-888.942321,35.890884
a_3 = -2095.2,211.4,34.9
d_3 = -1952.255126,-888.942321,35.890884
a_4 = -2096.2,211.4,34.9
d_4 = -1953.255126,-888.942321,35.890884
a_5 = -2097.2,211.4,34.9
d_5 = -1954.255126,-888.942321,35.890884
a_6 = -2098.2,211.4,34.9
d_6 = -1955.255126,-888.942321,35.890884
a_7 = -2099.2,211.4,34.9
d_7 = -1956.255126,-888.942321,35.890884
a_8 = -2090.2,211.4,34.9
d_8 = -1957.255126,-888.942321,35.890884
a_9 = -2091.2,211.4,34.9
d_9 = -1958.255126,-888.942321,35.890884
Played=68
AttWins=30
DefWins=36