home=335.682525,-1339.914428,14.507812
name=Commerce District
d_0 = 340.803833,-1348.630981,14.507812
a_0 = 1010.3,-1446.2,13.5
a_1 = 1011.3,-1446.2,13.5
d_1 = 341.803833,-1348.630981,14.507812
a_2 = 1012.3,-1446.2,13.5
d_2 = 342.803833,-1348.630981,14.507812
a_3 = 1013.3,-1446.2,13.5
d_3 = 343.803833,-1348.630981,14.507812
a_4 = 1014.3,-1446.2,13.5
d_4 = 344.803833,-1348.630981,14.507812
a_5 = 1015.3,-1446.2,13.5
d_5 = 345.803833,-1348.630981,14.507812
a_6 = 1016.3,-1446.2,13.5
d_6 = 346.803833,-1348.630981,14.507812
a_7 = 1017.3,-1446.2,13.5
d_7 = 347.803833,-1348.630981,14.507812
a_8 = 1018.3,-1446.2,13.5
d_8 = 348.803833,-1348.630981,14.507812
a_9 = 1019.3,-1446.2,13.5
d_9 = 349.803833,-1348.630981,14.507812
Played=77
AttWins=33
DefWins=44