home=-1845.081298,-1708.843994,41.106361
name=Angel pines Junkyard
a_0 = -1554.142211,-2750.180419,48.534919
d_0 = -1877.410034,-1644.084472,21.750000
a_1 = -1555.142211,-2750.180419,48.534919
d_1 = -1878.410034,-1644.084472,21.750000
a_2 = -1556.142211,-2750.180419,48.534919
d_2 = -1879.410034,-1644.084472,21.750000
a_3 = -1557.142211,-2750.180419,48.534919
d_3 = -1870.410034,-1644.084472,21.750000
a_4 = -1558.142211,-2750.180419,48.534919
d_4 = -1871.410034,-1644.084472,21.750000
a_5 = -1559.142211,-2750.180419,48.534919
d_5 = -1872.410034,-1644.084472,21.750000
a_6 = -1550.142211,-2750.180419,48.534919
d_6 = -1873.410034,-1644.084472,21.750000
a_7 = -1551.142211,-2750.180419,48.534919
d_7 = -1874.410034,-1644.084472,21.750000
a_8 = -1552.142211,-2750.180419,48.534919
d_8 = -1875.410034,-1644.084472,21.750000
a_9 = -1553.142211,-2750.180419,48.534919
d_9 = -1876.410034,-1644.084472,21.750000
Played=60
AttWins=20
DefWins=39