home=1908.809204,-1585.400634,29.049999
name=Idlewood Apartments
d_0 = 1908.809204,-1585.400634,29.049999
a_0 = 799.1,-1401.5,13.4
a_1 = 790.1,-1401.5,13.4
d_1 = 1909.809204,-1585.400634,29.049999
a_2 = 791.1,-1401.5,13.4
d_2 = 1900.809204,-1585.400634,29.049999
a_3 = 792.1,-1401.5,13.4
d_3 = 1901.809204,-1585.400634,29.049999
a_4 = 793.1,-1401.5,13.4
d_4 = 1902.809204,-1585.400634,29.049999
a_5 = 794.1,-1401.5,13.4
d_5 = 1903.809204,-1585.400634,29.049999
a_6 = 795.1,-1401.5,13.4
d_6 = 1904.809204,-1585.400634,29.049999
a_7 = 796.1,-1401.5,13.4
d_7 = 1905.809204,-1585.400634,29.049999
a_8 = 797.1,-1401.5,13.4
d_8 = 1906.809204,-1585.400634,29.049999
a_9 = 798.1,-1401.5,13.4
d_9 = 1907.809204,-1585.400634,29.049999
Played=62
AttWins=27
DefWins=34