home=2216.493652,-1179.592041,29.797086
name=Ballas Motel
d_0 = 2218.150878,-1165.192749,25.726562
a_0 = 2904.921142,-1023.717529,11.046875
a_1 = 2905.921142,-1023.717529,11.046875
d_1 = 2217.150878,-1165.192749,25.726562
a_2 = 2906.921142,-1023.717529,11.046875
d_2 = 2216.150878,-1165.192749,25.726562
a_3 = 2907.921142,-1023.717529,11.046875
d_3 = 2215.150878,-1165.192749,25.726562
a_4 = 2908.921142,-1023.717529,11.046875
d_4 = 2214.150878,-1165.192749,25.726562
a_5 = 2909.921142,-1023.717529,11.046875
d_5 = 2213.150878,-1165.192749,25.726562
a_6 = 2900.921142,-1023.717529,11.046875
d_6 = 2212.150878,-1165.192749,25.726562
a_7 = 2901.921142,-1023.717529,11.046875
d_7 = 2211.150878,-1165.192749,25.726562
a_8 = 2902.921142,-1023.717529,11.046875
d_8 = 2210.150878,-1165.192749,25.726562
a_9 = 2903.921142,-1023.717529,11.046875
d_9 = 2218.150878,-1165.192749,25.726562
Played=70
AttWins=37
DefWins=32