home=2499.341796,-1667.044189,13.349298
name=Grove Street
d_0 = 2499.341796,-1667.044189,13.349298
a_0 = 1556.283447,-1624.959228,13.382812
a_1 = 1557.283447,-1624.959228,13.382812
d_1 = 2490.341796,-1667.044189,13.349298
a_2 = 1558.283447,-1624.959228,13.382812
d_2 = 2491.341796,-1667.044189,13.349298
a_3 = 1559.283447,-1624.959228,13.382812
d_3 = 2492.341796,-1667.044189,13.349298
a_4 = 1550.283447,-1624.959228,13.382812
d_4 = 2493.341796,-1667.044189,13.349298
a_5 = 1551.283447,-1624.959228,13.382812
d_5 = 2494.341796,-1667.044189,13.349298
a_6 = 1552.283447,-1624.959228,13.382812
d_6 = 2495.341796,-1667.044189,13.349298
a_7 = 1553.283447,-1624.959228,13.382812
d_7 = 2496.341796,-1667.044189,13.349298
a_8 = 1554.283447,-1624.959228,13.382812
d_8 = 2497.341796,-1667.044189,13.349298
a_9 = 1555.283447,-1624.959228,13.382812
d_9 = 2498.341796,-1667.044189,13.349298
Played=59
AttWins=33
DefWins=25