home=1478.293334,-1638.850219,14.148437
name=Pershing Square
d_0 = 1478.293334,-1638.850219,14.148437
a_0 = 2850.4,-1861.0,11.0
a_1 = 2851.4,-1861.0,11.0
d_1 = 1479.293334,-1638.850219,14.148437
a_2 = 2852.4,-1861.0,11.0
d_2 = 1470.293334,-1638.850219,14.148437
a_3 = 2853.4,-1861.0,11.0
d_3 = 1471.293334,-1638.850219,14.148437
a_4 = 2854.4,-1861.0,11.0
d_4 = 1472.293334,-1638.850219,14.148437
a_5 = 2855.4,-1861.0,11.0
d_5 = 1473.293334,-1638.850219,14.148437
a_6 = 2856.4,-1861.0,11.0
d_6 = 1474.293334,-1638.850219,14.148437
a_7 = 2857.4,-1861.0,11.0
d_7 = 1475.293334,-1638.850219,14.148437
a_8 = 2858.4,-1861.0,11.0
d_8 = 1476.293334,-1638.850219,14.148437
a_9 = 2859.4,-1861.0,11.0
d_9 = 1477.293334,-1638.850219,14.148437
Played=59
AttWins=33
DefWins=24