home=-2706.245361,376.044860,4.968628
name=SF City Hall
d_0 = -2725.460693,383.977844,4.367187
a_0 = -2633.615478,1366.023071,7.116657
a_1 = -2634.615478,1366.023071,7.116657
d_1 = -2726.460693,383.977844,4.367187
a_2 = -2635.615478,1366.023071,7.116657
d_2 = -2727.460693,383.977844,4.367187
a_3 = -2636.615478,1366.023071,7.116657
d_3 = -2728.460693,383.977844,4.367187
a_4 = -2637.615478,1366.023071,7.116657
d_4 = -2729.460693,383.977844,4.367187
a_5 = -2638.615478,1366.023071,7.116657
d_5 = -2720.460693,383.977844,4.367187
a_6 = -2639.615478,1366.023071,7.116657
d_6 = -2721.460693,383.977844,4.367187
a_7 = -2630.615478,1366.023071,7.116657
d_7 = -2722.460693,383.977844,4.367187
a_8 = -2631.615478,1366.023071,7.116657
d_8 = -2723.460693,383.977844,4.367187
a_9 = -2632.615478,1366.023071,7.116657
d_9 = -2724.460693,383.977844,4.367187
Played=15
AttWins=6
DefWins=9