home=1880.775268,1976.956420,13.784769
name=LV Parking Lot
d_0 = 1880.775268,1976.956420,13.784769
a_0 = 2823.673095,1951.394775,10.820312
a_1 = 2824.673095,1951.394775,10.820312
d_1 = 1881.775268,1976.956420,13.784769
a_2 = 2825.673095,1951.394775,10.820312
d_2 = 1882.775268,1976.956420,13.784769
a_3 = 2826.673095,1951.394775,10.820312
d_3 = 1883.775268,1976.956420,13.784769
a_4 = 2827.673095,1951.394775,10.820312
d_4 = 1884.775268,1976.956420,13.784769
a_5 = 2828.673095,1951.394775,10.820312
d_5 = 1885.775268,1976.956420,13.784769
a_6 = 2829.673095,1951.394775,10.820312
d_6 = 1886.775268,1976.956420,13.784769
a_7 = 2820.673095,1951.394775,10.820312
d_7 = 1887.775268,1976.956420,13.784769
a_8 = 2821.673095,1951.394775,10.820312
d_8 = 1888.775268,1976.956420,13.784769
a_9 = 2822.673095,1951.394775,10.820312
d_9 = 1889.775268,1976.956420,13.784769
Played = 11
AttWins = 7
DefWins = 4