home=2256.822753,2458.064941,3.531250
name=LVPD
d_0 = 2246.661865,2458.375488,3.273437
a_0 = 1676.212524,1608.062744,10.820312
a_1 = 1677.212524,1608.062744,10.820312
d_1 = 2247.661865,2458.375488,3.273437
a_2 = 1678.212524,1608.062744,10.820312
d_2 = 2248.661865,2458.375488,3.273437
a_3 = 1679.212524,1608.062744,10.820312
d_3 = 2249.661865,2458.375488,3.273437
a_4 = 1671.212524,1608.062744,10.820312
d_4 = 2240.661865,2458.375488,3.273437
a_5 = 1672.212524,1608.062744,10.820312
d_5 = 2241.661865,2458.375488,3.273437
a_6 = 1673.212524,1608.062744,10.820312
d_6 = 2242.661865,2458.375488,3.273437
a_7 = 1674.212524,1608.062744,10.820312
d_7 = 2243.661865,2458.375488,3.273437
a_8 = 1675.212524,1608.062744,10.820312
d_8 = 2244.661865,2458.375488,3.273437
a_9 = 1670.212524,1608.062744,10.820312
d_9 = 2245.661865,2458.375488,3.273437
Played = 4
AttWins = 1
DefWins = 3