home=1874.697143,1336.568481,16.922344
name=The High Roller
d_0 = 1874.697143,1336.568481,16.922344
a_0 = 2833.8,1805.8,10.8
a_1 = 2834.8,1805.8,10.8
d_1 = 1874.697143,1336.568481,16.922344
a_2 = 2835.8,1805.8,10.8
d_2 = 1874.697143,1336.568481,16.922344
a_3 = 2836.8,1805.8,10.8
d_3 = 1874.697143,1336.568481,16.922344
a_4 = 2837.8,1805.8,10.8
d_4 = 1874.697143,1336.568481,16.922344
a_5 = 2838.8,1805.8,10.8
d_5 = 1874.697143,1336.568481,16.922344
a_6 = 2839.8,1805.8,10.8
d_6 = 1874.697143,1336.568481,16.922344
a_7 = 2830.8,1805.8,10.8
d_7 = 1874.697143,1336.568481,16.922344
a_8 = 2831.8,1805.8,10.8
d_8 = 1874.697143,1336.568481,16.922344
a_9 = 2832.8,1805.8,10.8
d_9 = 1874.697143,1336.568481,16.922344
Played = 7
AttWins = 4
DefWins = 3