home=1129.537353,-1490.278686,22.769031
name=Verona Mall
d_0 = 1129.873168,-1453.523437,15.796875
a_0 = 640.660156,-597.830200,16.187500
a_1 = 641.660156,-597.830200,16.187500
d_1 = 1120.873168,-1453.523437,15.796875
a_2 = 642.660156,-597.830200,16.187500
d_2 = 1121.873168,-1453.523437,15.796875
a_3 = 643.660156,-597.830200,16.187500
d_3 = 1122.873168,-1453.523437,15.796875
a_4 = 644.660156,-597.830200,16.187500
d_4 = 1123.873168,-1453.523437,15.796875
a_5 = 645.660156,-597.830200,16.187500
d_5 = 1124.873168,-1453.523437,15.796875
a_6 = 646.660156,-597.830200,16.187500
d_6 = 1125.873168,-1453.523437,15.796875
a_7 = 647.660156,-597.830200,16.187500
d_7 = 1126.873168,-1453.523437,15.796875
a_8 = 648.660156,-597.830200,16.187500
d_8 = 1127.873168,-1453.523437,15.796875
a_9 = 649.660156,-597.830200,16.187500
d_9 = 1128.873168,-1453.523437,15.796875
Played = 8
AttWins = 3
DefWins = 5