home=2202.055419,-2301.338867,14.764669
name=LS Warehouse
d_0 = 2175.437255,-2284.495361,13.539552
a_0 = 2761.569580,-2457.351806,13.558031
a_1 = 2762.569580,-2457.351806,13.558031
d_1 = 2176.437255,-2284.495361,13.539552
a_2 = 2763.569580,-2457.351806,13.558031
d_2 = 2177.437255,-2284.495361,13.539552
a_3 = 2764.569580,-2457.351806,13.558031
d_3 = 2178.437255,-2284.495361,13.539552
a_4 = 2765.569580,-2457.351806,13.558031
d_4 = 2179.437255,-2284.495361,13.539552
a_5 = 2766.569580,-2457.351806,13.558031
d_5 = 2170.437255,-2284.495361,13.539552
a_6 = 2767.569580,-2457.351806,13.558031
d_6 = 2171.437255,-2284.495361,13.539552
a_7 = 2768.569580,-2457.351806,13.558031
d_7 = 2172.437255,-2284.495361,13.539552
a_8 = 2769.569580,-2457.351806,13.558031
d_8 = 2173.437255,-2284.495361,13.539552
a_9 = 2760.569580,-2457.351806,13.558031
d_9 = 2174.437255,-2284.495361,13.539552
Played = 12
AttWins = 5
DefWins = 7