home=1590.719970,-2286.376708,-1.205340
name=LS Airport
d_0 = 1570.276000,-2287.210449,-2.986303
a_0 = 1087.687622,-1758.741821,13.370660
a_1 = 1088.687622,-1758.741821,13.370660
d_1 = 1571.276000,-2287.210449,-2.986303
a_2 = 1089.687622,-1758.741821,13.370660
d_2 = 1572.276000,-2287.210449,-2.986303
a_3 = 1080.687622,-1758.741821,13.370660
d_3 = 1573.276000,-2287.210449,-2.986303
a_4 = 1081.687622,-1758.741821,13.370660
d_4 = 1574.276000,-2287.210449,-2.986303
a_5 = 1082.687622,-1758.741821,13.370660
d_5 = 1575.276000,-2287.210449,-2.986303
a_6 = 1083.687622,-1758.741821,13.370660
d_6 = 1576.276000,-2287.210449,-2.986303
a_7 = 1084.687622,-1758.741821,13.370660
d_7 = 1577.276000,-2287.210449,-2.986303
a_8 = 1085.687622,-1758.741821,13.370660
d_8 = 1578.276000,-2287.210449,-2.986303
a_9 = 1086.687622,-1758.741821,13.370660
d_9 = 1579.276000,-2287.210449,-2.986303
Played = 9
AttWins = 4
DefWins = 5