home=-1361.977416,18.254875,6.335937
name=SF Airport
d_0 = -1360.810546,34.767597,6.000000
a_0 = -2027.856445,-519.645751,35.335937
a_1 = -2028.856445,-519.645751,35.335937
d_1 = -1361.810546,34.767597,6.000000
a_2 = -2029.856445,-519.645751,35.335937
d_2 = -1362.810546,34.767597,6.000000
a_3 = -2020.856445,-519.645751,35.335937
d_3 = -1363.810546,34.767597,6.000000
a_4 = -2021.856445,-519.645751,35.335937
d_4 = -1364.810546,34.767597,6.000000
a_5 = -2022.856445,-519.645751,35.335937
d_5 = -1365.810546,34.767597,6.000000
a_6 = -2023.856445,-519.645751,35.335937
d_6 = -1366.810546,34.767597,6.000000
a_7 = -2024.856445,-519.645751,35.335937
d_7 = -1367.810546,34.767597,6.000000
a_8 = -2025.856445,-519.645751,35.335937
d_8 = -1368.810546,34.767597,6.000000
a_9 = -2026.856445,-519.645751,35.335937
d_9 = -1369.810546,34.767597,6.000000
Played = 5
AttWins = 5
DefWins = 0