home=-1055.344848,-696.394653,32.351562
name=Petrol Factory
d_0 = -1028.525756,-661.469421,32.007812
a_0 = -201.093460,-9.562706,3.109395
a_1 = -200.093460,-9.562706,3.109395
d_1 = -1029.525756,-661.469421,32.007812
a_2 = -202.093460,-9.562706,3.109395
d_2 = -1020.525756,-661.469421,32.007812
a_3 = -203.093460,-9.562706,3.109395
d_3 = -1021.525756,-661.469421,32.007812
a_4 = -204.093460,-9.562706,3.109395
d_4 = -1023.525756,-661.469421,32.007812
a_5 = -205.093460,-9.562706,3.109395
d_5 = -1022.525756,-661.469421,32.007812
a_6 = -206.093460,-9.562706,3.109395
d_6 = -1024.525756,-661.469421,32.007812
a_7 = -207.093460,-9.562706,3.109395
d_7 = -1025.525756,-661.469421,32.007812
a_8 = -208.093460,-9.562706,3.109395
d_8 = -1026.525756,-661.469421,32.007812
a_9 = -209.093460,-9.562706,3.109395
d_9 = -1027.525756,-661.469421,32.007812
Played = 8
AttWins = 4
DefWins = 4