home=-2171.759033,-212.070602,35.320312
name=SF Crack Factory
d_0 = -2163.702880,-212.410018,35.320312
a_0 = -2252.416503,534.664855,35.111763
a_1 = -2253.416503,534.664855,35.111763
d_1 = -2164.702880,-212.410018,35.320312
a_2 = -2254.416503,534.664855,35.111763
d_2 = -2165.702880,-212.410018,35.320312
a_3 = -2255.416503,534.664855,35.111763
d_3 = -2166.702880,-212.410018,35.320312
a_4 = -2256.416503,534.664855,35.111763
d_4 = -2167.702880,-212.410018,35.320312
a_5 = -2257.416503,534.664855,35.111763
d_5 = -2168.702880,-212.410018,35.320312
a_6 = -2258.416503,534.664855,35.111763
d_6 = -2169.702880,-212.410018,35.320312
a_7 = -2259.416503,534.664855,35.111763
d_7 = -2160.702880,-212.410018,35.320312
a_8 = -2250.416503,534.664855,35.111763
d_8 = -2161.702880,-212.410018,35.320312
a_9 = -2251.416503,534.664855,35.111763
d_9 = -2162.702880,-212.410018,35.320312
Played = 8
AttWins = 2
DefWins = 6