home=-688.3318,937.6734,13.6328
name=Toreno Ranch
a_0 = 106.367111,1060.358154,13.615358
d_0 = -699.677307,952.506469,12.332840
a_1 = 105.367111,1060.358154,13.615358
d_1 = -698.677307,952.506469,12.332840
a_2 = 104.367111,1060.358154,13.615358
d_2 = -697.677307,952.506469,12.332840
a_3 = 103.367111,1060.358154,13.615358
d_3 = -696.677307,952.506469,12.332840
a_4 = 102.367111,1060.358154,13.615358
d_4 = -695.677307,952.506469,12.332840
a_5 = 101.367111,1060.358154,13.615358
d_5 = -694.677307,952.506469,12.332840
a_6 = 100.367111,1060.358154,13.615358
d_6 = -693.677307,952.506469,12.332840
a_7 = 107.367111,1060.358154,13.615358
d_7 = -692.677307,952.506469,12.332840
a_8 = 109.367111,1060.358154,13.615358
d_8 = -691.677307,952.506469,12.332840
a_9 = 108.367111,1060.358154,13.615358
d_9 = -690.677307,952.506469,12.332840
Played=62
AttWins=30
DefWins=31