home=1691.382202,-1973.141845,8.825299
name=Unity Station
d_0 = 1724.547973,-1976.128417,14.117820
a_0 = 2780.801269,-2019.243896,13.554687
a_1 = 2781.801269,-2019.243896,13.554687
d_1 = 1723.547973,-1976.128417,14.117820
a_2 = 2782.801269,-2019.243896,13.554687
d_2 = 1722.547973,-1976.128417,14.117820
a_3 = 2783.801269,-2019.243896,13.554687
d_3 = 1721.547973,-1976.128417,14.117820
a_4 = 2784.801269,-2019.243896,13.554687
d_4 = 1720.547973,-1976.128417,14.117820
a_5 = 2785.801269,-2019.243896,13.554687
d_5 = 1725.547973,-1976.128417,14.117820
a_6 = 2786.801269,-2019.243896,13.554687
d_6 = 1727.547973,-1976.128417,14.117820
a_7 = 2787.801269,-2019.243896,13.554687
d_7 = 1726.547973,-1976.128417,14.117820
a_8 = 2788.801269,-2019.243896,13.554687
d_8 = 1728.547973,-1976.128417,14.117820
a_9 = 2789.801269,-2019.243896,13.554687
d_9 = 1729.547973,-1976.128417,14.117820
Played=64
AttWins=34
DefWins=26