home=2387.138671,1829.310668,6.015625
name=LV Construction Site
a_0 = 1683.662963,1620.504516,10.820312
d_0 = 2486.6711,1870.6143,10.4202
a_1 = 1682.662963,1620.504516,10.820312
d_1 = 2485.6711,1870.6143,10.4202
a_2 = 1681.662963,1620.504516,10.820312
d_2 = 2484.6711,1870.6143,10.4202
a_3 = 1680.662963,1620.504516,10.820312
d_3 = 2483.6711,1870.6143,10.4202
a_4 = 1684.662963,1620.504516,10.820312
d_4 = 2482.6711,1870.6143,10.4202
a_5 = 1685.662963,1620.504516,10.820312
d_5 = 2481.6711,1870.6143,10.4202
a_6 = 1687.662963,1620.504516,10.820312
d_6 = 2480.6711,1870.6143,10.4202
a_7 = 1686.662963,1620.504516,10.820312
d_7 = 2487.6711,1870.6143,10.4202
a_8 = 1688.662963,1620.504516,10.820312
d_8 = 2489.6711,1870.6143,10.4202
a_9 = 1689.662963,1620.504516,10.820312
d_9 = 2488.6711,1870.6143,10.4202
Played=72
AttWins=30
DefWins=41