home=1920.4989,703.0021,11.1328
name=Last Dime Hotel
a_0 = 1683.662963,1620.504516,10.820312
d_0 = 1989.0,702.0,10.8
a_1 = 1682.662963,1620.504516,10.820312
d_1 = 1980.0,702.0,10.8
a_2 = 1681.662963,1620.504516,10.820312
d_2 = 1981.0,702.0,10.8
a_3 = 1680.662963,1620.504516,10.820312
d_3 = 1982.0,702.0,10.8
a_4 = 1684.662963,1620.504516,10.820312
d_4 = 1983.0,702.0,10.8
a_5 = 1685.662963,1620.504516,10.820312
d_5 = 1984.0,702.0,10.8
a_6 = 1687.662963,1620.504516,10.820312
d_6 = 1985.0,702.0,10.8
a_7 = 1686.662963,1620.504516,10.820312
d_7 = 1986.0,702.0,10.8
a_8 = 1688.662963,1620.504516,10.820312
d_8 = 1987.0,702.0,10.8
a_9 = 1689.662963,1620.504516,10.820312
d_9 = 1988.0,702.0,10.8
Played=78
AttWins=41
DefWins=35