name=Jefferson
home=2242.250000,-1436.091552,25.405563
a_0 = 2756.8,-1861.2,9.7
d_0 = 2242.250000,-1436.091552,25.405563
a_1 = 2757.8,-1861.2,9.7
d_1 = 2243.250000,-1436.091552,25.405563
a_2 = 2758.8,-1861.2,9.7
d_2 = 2244.250000,-1436.091552,25.405563
a_3 = 2759.8,-1861.2,9.7
d_3 = 2245.250000,-1436.091552,25.405563
a_4 = 2750.8,-1861.2,9.7
d_4 = 2246.250000,-1436.091552,25.405563
a_5 = 2751.8,-1861.2,9.7
d_5 = 2247.250000,-1436.091552,25.405563
a_6 = 2752.8,-1861.2,9.7
d_6 = 2248.250000,-1436.091552,25.405563
a_7 = 2753.8,-1861.2,9.7
d_7 = 2249.250000,-1436.091552,25.405563
a_8 = 2754.8,-1861.2,9.7
d_8 = 2240.250000,-1436.091552,25.405563
a_9 = 2755.8,-1861.2,9.7
d_9 = 2241.250000,-1436.091552,25.405563
Played=61
AttWins=29
DefWins=32